[gd_scene load_steps=74 format=2]

[ext_resource path="res://t-wall_one side sloped.tscn" type="PackedScene" id=1]
[ext_resource path="res://wall.tscn" type="PackedScene" id=2]
[ext_resource path="res://concrete_stairs_center_only.tscn" type="PackedScene" id=3]
[ext_resource path="res://full_door_structure.tscn" type="PackedScene" id=4]
[ext_resource path="res://wall_broken.tscn" type="PackedScene" id=5]
[ext_resource path="res://wall_closed_wooden-window.tscn" type="PackedScene" id=6]
[ext_resource path="res://wall_open_window_wooden-framed-wall.tscn" type="PackedScene" id=7]
[ext_resource path="res://wall_closed_window_wooden-framed-wall.tscn" type="PackedScene" id=8]
[ext_resource path="res://wall_open_window.tscn" type="PackedScene" id=9]
[ext_resource path="res://wall_cracked.tscn" type="PackedScene" id=10]
[ext_resource path="res://wall_shelved.tscn" type="PackedScene" id=11]
[ext_resource path="res://wall_with_centered_pillar.tscn" type="PackedScene" id=12]
[ext_resource path="res://wall_sloped.tscn" type="PackedScene" id=13]
[ext_resource path="res://pillar.tscn" type="PackedScene" id=14]
[ext_resource path="res://pillar_with_a_shield_hanged.tscn" type="PackedScene" id=15]
[ext_resource path="res://wooden_door.tscn" type="PackedScene" id=16]
[ext_resource path="res://wall_doorway_scaffold.tscn" type="PackedScene" id=17]
[ext_resource path="res://wall_window_open_scaffold.tscn" type="PackedScene" id=18]
[ext_resource path="res://stairs_wooden_barrels_beneath.tscn" type="PackedScene" id=19]
[ext_resource path="res://wall_window_closed_scaffold.tscn" type="PackedScene" id=20]
[ext_resource path="res://wall_scaffold.tscn" type="PackedScene" id=21]
[ext_resource path="res://stairs_wall_left.tscn" type="PackedScene" id=22]
[ext_resource path="res://wall_arched.tscn" type="PackedScene" id=23]
[ext_resource path="res://stairs_wall_right.tscn" type="PackedScene" id=24]
[ext_resource path="res://wall_archedwindow_gated.tscn" type="PackedScene" id=25]
[ext_resource path="res://wall_archedwindow_open.tscn" type="PackedScene" id=26]
[ext_resource path="res://wall_doorway.tscn" type="PackedScene" id=27]
[ext_resource path="res://wall_corner_gated.tscn" type="PackedScene" id=28]
[ext_resource path="res://wall_gated.tscn" type="PackedScene" id=29]
[ext_resource path="res://stairs_walled.tscn" type="PackedScene" id=30]
[ext_resource path="res://floor_tile_large_rocks.tscn" type="PackedScene" id=31]
[ext_resource path="res://floor_wood_large_dark.tscn" type="PackedScene" id=32]
[ext_resource path="res://crates_stacked.tscn" type="PackedScene" id=33]
[ext_resource path="res://bed_floor.tscn" type="PackedScene" id=34]
[ext_resource path="res://barrel_small_stack.tscn" type="PackedScene" id=35]
[ext_resource path="res://barrel_small.tscn" type="PackedScene" id=36]
[ext_resource path="res://stool.tscn" type="PackedScene" id=37]
[ext_resource path="res://floor_tile_small_broken_A.tscn" type="PackedScene" id=38]
[ext_resource path="res://barrel_large.tscn" type="PackedScene" id=39]
[ext_resource path="res://table_medium_broken.tscn" type="PackedScene" id=40]
[ext_resource path="res://Assets/obj/shelf_small_candles.obj" type="ArrayMesh" id=41]
[ext_resource path="res://rubble_half.tscn" type="PackedScene" id=42]
[ext_resource path="res://rubble_large.tscn" type="PackedScene" id=43]
[ext_resource path="res://prison_bench.tscn" type="PackedScene" id=44]
[ext_resource path="res://Assets/obj/banner_triple_brown.obj" type="ArrayMesh" id=45]
[ext_resource path="res://Assets/obj/banner_thin_brown.obj" type="ArrayMesh" id=46]
[ext_resource path="res://floor_wood_small.tscn" type="PackedScene" id=47]
[ext_resource path="res://floor_tile_small.tscn" type="PackedScene" id=48]
[ext_resource path="res://trunk_small_C.tscn" type="PackedScene" id=49]
[ext_resource path="res://trunk_large_B.tscn" type="PackedScene" id=50]
[ext_resource path="res://bed_decorated.tscn" type="PackedScene" id=51]
[ext_resource path="res://table-long.tscn" type="PackedScene" id=52]
[ext_resource path="res://trunk_medium_A.tscn" type="PackedScene" id=53]
[ext_resource path="res://Assets/obj/shelf_small.obj" type="ArrayMesh" id=54]
[ext_resource path="res://Assets/obj/sword_shield.obj" type="ArrayMesh" id=55]
[ext_resource path="res://Assets/obj/sword_shield_broken.obj" type="ArrayMesh" id=56]
[ext_resource path="res://floor_extra_large.tscn" type="PackedScene" id=57]
[ext_resource path="res://floor_tile_three_combined.tscn" type="PackedScene" id=58]
[ext_resource path="res://floor_tile_small_weeds.tscn" type="PackedScene" id=59]
[ext_resource path="res://barrel_large_decorated.tscn" type="PackedScene" id=60]
[ext_resource path="res://Assets/obj/banner_patternC_red.obj" type="ArrayMesh" id=61]
[ext_resource path="res://Assets/obj/banner_patternB_red.obj" type="ArrayMesh" id=62]
[ext_resource path="res://Assets/obj/banner_shield_red.obj" type="ArrayMesh" id=63]
[ext_resource path="res://Assets/obj/banner_triple_red.obj" type="ArrayMesh" id=64]
[ext_resource path="res://Assets/obj/banner_red.obj" type="ArrayMesh" id=65]
[ext_resource path="res://Assets/obj/banner_patternA_red.obj" type="ArrayMesh" id=66]
[ext_resource path="res://Assets/obj/banner_patternA_white.obj" type="ArrayMesh" id=67]
[ext_resource path="res://Assets/obj/banner_triple_blue.obj" type="ArrayMesh" id=68]
[ext_resource path="res://Assets/obj/banner_thin_white.obj" type="ArrayMesh" id=69]
[ext_resource path="res://Assets/obj/banner_patternC_white.obj" type="ArrayMesh" id=70]
[ext_resource path="res://Assets/obj/banner_triple_white.obj" type="ArrayMesh" id=71]
[ext_resource path="res://Assets/obj/banner_shield_white.obj" type="ArrayMesh" id=72]
[ext_resource path="res://Assets/obj/banner_patternB_white.obj" type="ArrayMesh" id=73]

[node name="full_game_environs" type="Spatial"]

[node name="main_scene" type="Spatial" parent="."]

[node name="floors" type="Spatial" parent="main_scene"]

[node name="ground-level" type="Spatial" parent="main_scene/floors"]

[node name="wall" type="Spatial" parent="main_scene/floors/ground-level"]

[node name="exterior" type="Spatial" parent="main_scene/floors/ground-level/wall"]

[node name="right" type="Spatial" parent="main_scene/floors/ground-level/wall/exterior"]

[node name="front" type="Spatial" parent="main_scene/floors/ground-level/wall/exterior"]

[node name="left" type="Spatial" parent="main_scene/floors/ground-level/wall/exterior"]

[node name="back" type="Spatial" parent="main_scene/floors/ground-level/wall/exterior"]

[node name="interior" type="Spatial" parent="main_scene/floors/ground-level/wall"]

[node name="rooms" type="Spatial" parent="main_scene/floors/ground-level/wall/interior"]

[node name="corridor" type="Spatial" parent="main_scene/floors/ground-level/wall/interior"]

[node name="wall_cracked" parent="main_scene/floors/ground-level/wall/interior/corridor" instance=ExtResource( 10 )]
transform = Transform( -0.161587, 0, 0.986859, 0, 1, 0, -0.986859, 0, -0.161587, 83.4829, 6.78, -62.6003 )

[node name="wall_cracked7" parent="main_scene/floors/ground-level/wall/interior/corridor" instance=ExtResource( 10 )]
transform = Transform( -0.238568, 0, 0.971126, 0, 1, 0, -0.971126, 0, -0.238568, 83.5919, 10.78, -62.5242 )

[node name="wall_cracked2" parent="main_scene/floors/ground-level/wall/interior/corridor" instance=ExtResource( 10 )]
transform = Transform( 0.00678933, 0, 0.999977, 0, 1, 0, -0.999977, 0, 0.00678933, 75.0892, 6.78, -65.2499 )

[node name="wall_cracked6" parent="main_scene/floors/ground-level/wall/interior/corridor" instance=ExtResource( 10 )]
transform = Transform( 0.00678933, 0, 0.999977, 0, 1, 0, -0.999977, 0, 0.00678933, 75.0892, 10.78, -65.2499 )

[node name="wall_cracked3" parent="main_scene/floors/ground-level/wall/interior/corridor" instance=ExtResource( 10 )]
transform = Transform( -0.0307478, 0, 0.999527, 0, 1, 0, -0.999527, 0, -0.0307478, 80.7258, 6.78, -88.9726 )

[node name="wall_cracked4" parent="main_scene/floors/ground-level/wall/interior/corridor" instance=ExtResource( 10 )]
transform = Transform( -0.980485, 0, 0.196597, 0, 1, 0, -0.196597, 0, -0.980485, 63.3067, 6.78, -114.42 )

[node name="wall_cracked5" parent="main_scene/floors/ground-level/wall/interior/corridor" instance=ExtResource( 10 )]
transform = Transform( -0.666233, 0, 0.745744, 0, 1, 0, -0.745744, 0, -0.666233, 69.7356, 6.78, -111.012 )

[node name="full_door_structure" parent="main_scene/floors/ground-level/wall/interior/corridor" instance=ExtResource( 4 )]
transform = Transform( 0.98498, 0, 0.172668, 0, 1, 0, -0.172668, 0, 0.98498, 78.3142, 6.78313, -78.0141 )

[node name="wall_broken" parent="main_scene/floors/ground-level/wall/interior/corridor" instance=ExtResource( 5 )]
transform = Transform( -0.0483965, 0, 0.998828, 0, 1, 0, -0.998828, 0, -0.0483965, 74.4603, 6.77008, -59.5215 )

[node name="wall_broken2" parent="main_scene/floors/ground-level/wall/interior/corridor" instance=ExtResource( 5 )]
transform = Transform( -0.247523, 0, 0.968882, 0, 1, 0, -0.968882, 0, -0.247523, 71.571, 6.77008, -89.6684 )

[node name="wall_broken11" parent="main_scene/floors/ground-level/wall/interior/corridor" instance=ExtResource( 5 )]
transform = Transform( -0.990232, 0, 0.139432, 0, 1, 0, -0.139432, 0, -0.990232, 61.3203, 6.77008, -114.113 )

[node name="wall_broken8" parent="main_scene/floors/ground-level/wall/interior/corridor" instance=ExtResource( 5 )]
transform = Transform( -0.799905, 0, 0.600127, 0, 1, 0, -0.600127, 0, -0.799905, 73.4105, 6.77008, -106.809 )

[node name="wall_broken6" parent="main_scene/floors/ground-level/wall/interior/corridor" instance=ExtResource( 5 )]
transform = Transform( -0.547534, 0, 0.836783, 0, 1, 0, -0.836783, 0, -0.547534, 68.3251, 6.77008, -100.179 )

[node name="wall_broken5" parent="main_scene/floors/ground-level/wall/interior/corridor" instance=ExtResource( 5 )]
transform = Transform( -0.391759, 0, 0.920068, 0, 1, 0, -0.920068, 0, -0.391759, 79.5271, 6.77008, -98.3622 )

[node name="wall_broken3" parent="main_scene/floors/ground-level/wall/interior/corridor" instance=ExtResource( 5 )]
transform = Transform( -0.214258, 0, 0.976777, 0, 1, 0, -0.976777, 0, -0.214258, 82.3444, 6.77008, -64.5286 )

[node name="wall_broken4" parent="main_scene/floors/ground-level/wall/interior/corridor" instance=ExtResource( 5 )]
transform = Transform( -0.997827, 0, 0.0658908, 0, 1, 0, -0.0658908, 0, -0.997827, 74.7877, 6.77008, -65.3196 )

[node name="wall" parent="main_scene/floors/ground-level/wall/interior/corridor" instance=ExtResource( 2 )]
transform = Transform( 0.697378, 0, -0.716704, 0, 1, 0, 0.716704, 0, 0.697378, 73.6564, 6.75596, -70.5646 )

[node name="wall24" parent="main_scene/floors/ground-level/wall/interior/corridor" instance=ExtResource( 2 )]
transform = Transform( 0.697378, 0, -0.716704, 0, 1, 0, 0.716704, 0, 0.697378, 73.6564, 10.756, -70.5646 )

[node name="wall26" parent="main_scene/floors/ground-level/wall/interior/corridor" instance=ExtResource( 2 )]
transform = Transform( 0.697378, 0, -0.716704, 0, 1, 0, 0.716704, 0, 0.697378, 73.6564, 10.756, -70.5646 )

[node name="wall28" parent="main_scene/floors/ground-level/wall/interior/corridor" instance=ExtResource( 2 )]
transform = Transform( 0.0753268, 0, -0.997159, 0, 1, 0, 0.997159, 0, 0.0753268, 73.4128, 10.756, -70.5646 )

[node name="wall27" parent="main_scene/floors/ground-level/wall/interior/corridor" instance=ExtResource( 2 )]
transform = Transform( 0.993527, 0, -0.113602, 0, 1, 0, 0.113602, 0, 0.993527, 74.0614, 10.756, -70.4275 )

[node name="wall25" parent="main_scene/floors/ground-level/wall/interior/corridor" instance=ExtResource( 2 )]
transform = Transform( 0.960055, 0, 0.279812, 0, 1, 0, -0.279812, 0, 0.960055, 75.3088, 10.756, -79.2599 )

[node name="wall_closed_window_wooden-framed-wall2" parent="main_scene/floors/ground-level/wall/interior/corridor" instance=ExtResource( 8 )]
transform = Transform( 0.960876, 0, 0.276979, 0, 1, 0, -0.276979, 0, 0.960876, 75.7179, 6.81343, -74.0561 )

[node name="wall_closed_window_wooden-framed-wall3" parent="main_scene/floors/ground-level/wall/interior/corridor" instance=ExtResource( 8 )]
transform = Transform( -0.037289, 0, -0.999304, 0, 1, 0, 0.999304, 0, -0.037289, 80.0912, 6.81343, -91.1092 )

[node name="wall_closed_window_wooden-framed-wall5" parent="main_scene/floors/ground-level/wall/interior/corridor" instance=ExtResource( 8 )]
transform = Transform( 0.694709, 0, -0.719291, 0, 1, 0, 0.719291, 0, 0.694709, 75.7185, 6.81343, -104.586 )

[node name="wall_closed_window_wooden-framed-wall6" parent="main_scene/floors/ground-level/wall/interior/corridor" instance=ExtResource( 8 )]
transform = Transform( 0.822472, 0, -0.568806, 0, 1, 0, 0.568806, 0, 0.822472, 67.7681, 6.81343, -111.723 )

[node name="wall_closed_window_wooden-framed-wall7" parent="main_scene/floors/ground-level/wall/interior/corridor" instance=ExtResource( 8 )]
transform = Transform( 0.822472, 0, -0.568806, 0, 1, 0, 0.568806, 0, 0.822472, 66.458, 6.81343, -102.824 )

[node name="wall_closed_window_wooden-framed-wall4" parent="main_scene/floors/ground-level/wall/interior/corridor" instance=ExtResource( 8 )]
transform = Transform( 0.418026, 0, -0.908435, 0, 1, 0, 0.908435, 0, 0.418026, 69.8694, 6.81343, -97.1115 )

[node name="wooden_door" parent="main_scene/floors/ground-level/wall/interior/corridor" instance=ExtResource( 16 )]
transform = Transform( 0.984659, -0.17449, 0.000502499, -0.0361117, -0.200962, 0.978933, -0.170713, -0.963933, -0.20418, 78.6782, 6.29199, -76.4566 )

[node name="wall_sloped" parent="main_scene/floors/ground-level/wall/interior/corridor" instance=ExtResource( 13 )]
transform = Transform( 0.290936, 0, -0.956743, 0, 1, 0, 0.956743, 0, 0.290936, 74.1038, 6.7861, -82.9778 )

[node name="wall_sloped2" parent="main_scene/floors/ground-level/wall/interior/corridor" instance=ExtResource( 13 )]
transform = Transform( 0.181703, 0, -0.983353, 0, 1, 0, 0.983353, 0, 0.181703, 81.3452, 6.7861, -84.3109 )

[node name="wall_sloped3" parent="main_scene/floors/ground-level/wall/interior/corridor" instance=ExtResource( 13 )]
transform = Transform( 0.181703, 0, -0.983353, 0, 1, 0, 0.983353, 0, 0.181703, 80.5308, 10.6758, -76.0679 )

[node name="wall_sloped4" parent="main_scene/floors/ground-level/wall/interior/corridor" instance=ExtResource( 13 )]
transform = Transform( 0.181703, 0, -0.983353, 0, 1, 0, 0.983353, 0, 0.181703, 76.6147, 10.6266, -75.4218 )

[node name="pillar" parent="main_scene/floors/ground-level/wall/interior/corridor" instance=ExtResource( 14 )]
transform = Transform( 1, 0, 0, 0, 1, 0, 0, 0, 1, 90.2357, 6.76283, -30.0509 )

[node name="pillar4" parent="main_scene/floors/ground-level/wall/interior/corridor" instance=ExtResource( 14 )]
transform = Transform( 1, 0, 0, 0, 1, 0, 0, 0, 1, 90.2357, 10.4388, -30.0509 )

[node name="pillar3" parent="main_scene/floors/ground-level/wall/interior/corridor" instance=ExtResource( 14 )]
transform = Transform( 1, 0, 0, 0, 1, 0, 0, 0, 1, 95.6944, 6.76283, -38.365 )

[node name="pillar5" parent="main_scene/floors/ground-level/wall/interior/corridor" instance=ExtResource( 14 )]
transform = Transform( 1, 0, 0, 0, 1, 0, 0, 0, 1, 95.6944, 9.76283, -38.365 )

[node name="pillar7" parent="main_scene/floors/ground-level/wall/interior/corridor" instance=ExtResource( 14 )]
transform = Transform( 0.966142, 0, -0.25801, 0, 1, 0, 0.25801, 0, 0.966142, 90.0665, 10.4457, -45.8873 )

[node name="pillar2" parent="main_scene/floors/ground-level/wall/interior/corridor" instance=ExtResource( 14 )]
transform = Transform( 1, 0, 0, 0, 1, 0, 0, 0, 1, 80.7458, 6.76283, -27.4475 )

[node name="pillar6" parent="main_scene/floors/ground-level/wall/interior/corridor" instance=ExtResource( 14 )]
transform = Transform( 1, 0, 0, 0, 1, 0, 0, 0, 1, 80.7458, 10.5355, -27.4475 )

[node name="pillar8" parent="main_scene/floors/ground-level/wall/interior/corridor" instance=ExtResource( 14 )]
transform = Transform( 1, 0, 0, 0, 1, 0, 0, 0, 1, 72.7437, 10.4078, -44.1523 )

[node name="pillar_with_a_shield_hanged" parent="main_scene/floors/ground-level/wall/interior/corridor" instance=ExtResource( 15 )]
transform = Transform( 1, 0, 0, 0, 1, 0, 0, 0, 1, 72.2326, 6.76208, -45.0429 )

[node name="pillar_with_a_shield_hanged2" parent="main_scene/floors/ground-level/wall/interior/corridor" instance=ExtResource( 15 )]
transform = Transform( 0.935296, 0, -0.353867, 0, 1, 0, 0.353867, 0, 0.935296, 89.7847, 6.76208, -46.8905 )

[node name="wall_shelved" parent="main_scene/floors/ground-level/wall/interior/corridor" instance=ExtResource( 11 )]
transform = Transform( -0.210523, 0, 0.977589, 0, 1, 0, -0.977589, 0, -0.210523, 70.6964, 6.77529, -86.7073 )

[node name="wall2" parent="main_scene/floors/ground-level/wall/interior/corridor" instance=ExtResource( 2 )]
transform = Transform( 0.469657, 0, -0.882849, 0, 1, 0, 0.882849, 0, 0.469657, 46.3353, 6.85818, -102.211 )

[node name="wall9" parent="main_scene/floors/ground-level/wall/interior/corridor" instance=ExtResource( 2 )]
transform = Transform( 0.0878686, 0, -0.996132, 0, 1, 0, 0.996132, 0, 0.0878686, 47.7199, 6.85818, -97.1346 )

[node name="wall12" parent="main_scene/floors/ground-level/wall/interior/corridor" instance=ExtResource( 2 )]
transform = Transform( 0.31144, 0, -0.950266, 0, 1, 0, 0.950266, 0, 0.31144, 48.2581, 6.85818, -94.1745 )

[node name="wall16" parent="main_scene/floors/ground-level/wall/interior/corridor" instance=ExtResource( 2 )]
transform = Transform( -0.0297708, 0, -0.999557, 0, 1, 0, 0.999557, 0, -0.0297708, 49.0654, 6.85818, -89.2409 )

[node name="wall13" parent="main_scene/floors/ground-level/wall/interior/corridor" instance=ExtResource( 2 )]
transform = Transform( 0.00516626, 0, -0.999987, 0, 1, 0, 0.999987, 0, 0.00516626, 59.7168, 6.85818, -94.7128 )

[node name="wall15" parent="main_scene/floors/ground-level/wall/interior/corridor" instance=ExtResource( 2 )]
transform = Transform( -0.262021, 0, -0.965062, 0, 1, 0, 0.965062, 0, -0.262021, 59.0889, 6.85818, -90.0483 )

[node name="wall17" parent="main_scene/floors/ground-level/wall/interior/corridor" instance=ExtResource( 2 )]
transform = Transform( 0.00584691, 0, -0.999983, 0, 1, 0, 0.999983, 0, 0.00584691, 58.8198, 6.85818, -87.8058 )

[node name="wall14" parent="main_scene/floors/ground-level/wall/interior/corridor" instance=ExtResource( 2 )]
transform = Transform( 0.712969, 0, -0.701195, 0, 1, 0, 0.701195, 0, 0.712969, 60.4089, 6.85818, -98.2504 )

[node name="wall18" parent="main_scene/floors/ground-level/wall/interior/corridor" instance=ExtResource( 2 )]
transform = Transform( 0.596407, 0, -0.802682, 0, 1, 0, 0.802682, 0, 0.596407, 63.1814, 6.85818, -95.1598 )

[node name="wall19" parent="main_scene/floors/ground-level/wall/interior/corridor" instance=ExtResource( 2 )]
transform = Transform( 0.589507, 0, -0.807764, 0, 1, 0, 0.807764, 0, 0.589507, 69.7173, 6.85818, -99.9621 )

[node name="wall20" parent="main_scene/floors/ground-level/wall/interior/corridor" instance=ExtResource( 2 )]
transform = Transform( 0.594374, 0, -0.804189, 0, 1, 0, 0.804189, 0, 0.594374, 71.5219, 6.85818, -97.5367 )

[node name="wall22" parent="main_scene/floors/ground-level/wall/interior/corridor" instance=ExtResource( 2 )]
transform = Transform( 0.594374, 0, -0.804189, 0, 1, 0, 0.804189, 0, 0.594374, 73.4252, 6.85818, -94.9824 )

[node name="wall23" parent="main_scene/floors/ground-level/wall/interior/corridor" instance=ExtResource( 2 )]
transform = Transform( 0.594374, 0, -0.804189, 0, 1, 0, 0.804189, 0, 0.594374, 74.8314, 6.85818, -93.1138 )

[node name="wall21" parent="main_scene/floors/ground-level/wall/interior/corridor" instance=ExtResource( 2 )]
transform = Transform( 0.533792, 0, -0.845616, 0, 1, 0, 0.845616, 0, 0.533792, 65.3489, 6.85818, -91.99 )

[node name="wall10" parent="main_scene/floors/ground-level/wall/interior/corridor" instance=ExtResource( 2 )]
transform = Transform( -0.304532, 0, -0.952502, 0, 1, 0, 0.952502, 0, -0.304532, 68.2613, 6.85818, -102.517 )

[node name="wall11" parent="main_scene/floors/ground-level/wall/interior/corridor" instance=ExtResource( 2 )]
transform = Transform( 0.540255, 0, -0.841501, 0, 1, 0, 0.841501, 0, 0.540255, 67.8232, 6.85818, -102.611 )

[node name="wall3" parent="main_scene/floors/ground-level/wall/interior/corridor" instance=ExtResource( 2 )]
transform = Transform( 0.969441, 0, 0.245324, 0, 1, 0, -0.245324, 0, 0.969441, 55.6318, 6.85818, -118.958 )

[node name="wall4" parent="main_scene/floors/ground-level/wall/interior/corridor" instance=ExtResource( 2 )]
transform = Transform( 0.969441, 0, 0.245324, 0, 1, 0, -0.245324, 0, 0.969441, 51.7418, 6.85818, -117.969 )

[node name="wall5" parent="main_scene/floors/ground-level/wall/interior/corridor" instance=ExtResource( 2 )]
transform = Transform( 0.86877, 0, 0.495216, 0, 1, 0, -0.495216, 0, 0.86877, 47.3903, 6.85818, -116.189 )

[node name="wall6" parent="main_scene/floors/ground-level/wall/interior/corridor" instance=ExtResource( 2 )]
transform = Transform( 0.574577, 0, 0.818451, 0, 1, 0, -0.818451, 0, 0.574577, 43.3684, 6.85818, -112.497 )

[node name="wall7" parent="main_scene/floors/ground-level/wall/interior/corridor" instance=ExtResource( 2 )]
transform = Transform( 0.574577, 0, 0.818451, 0, 1, 0, -0.818451, 0, 0.574577, 41.0607, 6.85818, -109.2 )

[node name="wall8" parent="main_scene/floors/ground-level/wall/interior/corridor" instance=ExtResource( 2 )]
transform = Transform( 0.376046, 0, 0.926601, 0, 1, 0, -0.926601, 0, 0.376046, 38.885, 6.85818, -105.112 )

[node name="dining_hall" type="Spatial" parent="main_scene/floors/ground-level/wall/interior"]

[node name="wall" parent="main_scene/floors/ground-level/wall/interior/dining_hall" instance=ExtResource( 2 )]
transform = Transform( 1, 0, 0, 0, 1, 0, 0, 0, 1, 57.3074, 6.79839, -23.9529 )

[node name="wall32" parent="main_scene/floors/ground-level/wall/interior/dining_hall" instance=ExtResource( 2 )]
transform = Transform( 1, 0, 0, 0, 1, 0, 0, 0, 1, 57.3074, 10.7984, -23.9529 )

[node name="wall2" parent="main_scene/floors/ground-level/wall/interior/dining_hall" instance=ExtResource( 2 )]
transform = Transform( 0.97576, 0, -0.218842, 0, 1, 0, 0.218842, 0, 0.97576, 61.967, 6.79839, -23.4408 )

[node name="wall33" parent="main_scene/floors/ground-level/wall/interior/dining_hall" instance=ExtResource( 2 )]
transform = Transform( 0.97576, 0, -0.218842, 0, 1, 0, 0.218842, 0, 0.97576, 61.967, 10.7984, -23.4408 )

[node name="wall3" parent="main_scene/floors/ground-level/wall/interior/dining_hall" instance=ExtResource( 2 )]
transform = Transform( 0.996399, 0, -0.0847909, 0, 1, 0, 0.0847909, 0, 0.996399, 65.1416, 6.79839, -23.0312 )

[node name="wall34" parent="main_scene/floors/ground-level/wall/interior/dining_hall" instance=ExtResource( 2 )]
transform = Transform( 0.996399, 0, -0.0847909, 0, 1, 0, 0.0847909, 0, 0.996399, 65.1416, 10.7984, -23.0312 )

[node name="wall8" parent="main_scene/floors/ground-level/wall/interior/dining_hall" instance=ExtResource( 2 )]
transform = Transform( 0.996399, 0, -0.0847909, 0, 1, 0, 0.0847909, 0, 0.996399, 68.7771, 6.79839, -22.724 )

[node name="wall35" parent="main_scene/floors/ground-level/wall/interior/dining_hall" instance=ExtResource( 2 )]
transform = Transform( 0.996399, 0, -0.0847909, 0, 1, 0, 0.0847909, 0, 0.996399, 68.7771, 10.7984, -22.724 )

[node name="wall9" parent="main_scene/floors/ground-level/wall/interior/dining_hall" instance=ExtResource( 2 )]
transform = Transform( 0.997645, 0, 0.0685899, 0, 1, 0, -0.0685899, 0, 0.997645, 72.0696, 6.79839, -22.724 )

[node name="wall36" parent="main_scene/floors/ground-level/wall/interior/dining_hall" instance=ExtResource( 2 )]
transform = Transform( 0.997645, 0, 0.0685899, 0, 1, 0, -0.0685899, 0, 0.997645, 72.0696, 10.7984, -22.724 )

[node name="wall10" parent="main_scene/floors/ground-level/wall/interior/dining_hall" instance=ExtResource( 2 )]
transform = Transform( 0.995902, 0, -0.0904414, 0, 1, 0, 0.0904414, 0, 0.995902, 76.3697, 6.79839, -22.6045 )

[node name="wall37" parent="main_scene/floors/ground-level/wall/interior/dining_hall" instance=ExtResource( 2 )]
transform = Transform( 0.995902, 0, -0.0904414, 0, 1, 0, 0.0904414, 0, 0.995902, 76.3697, 10.7984, -22.6045 )

[node name="wall11" parent="main_scene/floors/ground-level/wall/interior/dining_hall" instance=ExtResource( 2 )]
transform = Transform( 0.999645, 0, 0.0266306, 0, 1, 0, -0.0266306, 0, 0.999645, 79.7143, 6.79839, -22.5448 )

[node name="wall38" parent="main_scene/floors/ground-level/wall/interior/dining_hall" instance=ExtResource( 2 )]
transform = Transform( 0.999645, 0, 0.0266306, 0, 1, 0, -0.0266306, 0, 0.999645, 79.7143, 10.7984, -22.5448 )

[node name="wall12" parent="main_scene/floors/ground-level/wall/interior/dining_hall" instance=ExtResource( 2 )]
transform = Transform( 0.999645, 0, 0.0266306, 0, 1, 0, -0.0266306, 0, 0.999645, 83.5964, 6.79839, -22.6643 )

[node name="wall39" parent="main_scene/floors/ground-level/wall/interior/dining_hall" instance=ExtResource( 2 )]
transform = Transform( 0.999645, 0, 0.0266306, 0, 1, 0, -0.0266306, 0, 0.999645, 83.5964, 10.7984, -22.6643 )

[node name="wall13" parent="main_scene/floors/ground-level/wall/interior/dining_hall" instance=ExtResource( 2 )]
transform = Transform( 0.985232, 0, 0.171224, 0, 1, 0, -0.171224, 0, 0.985232, 86.4632, 6.79839, -22.9629 )

[node name="wall40" parent="main_scene/floors/ground-level/wall/interior/dining_hall" instance=ExtResource( 2 )]
transform = Transform( 0.985232, 0, 0.171224, 0, 1, 0, -0.171224, 0, 0.985232, 86.4632, 10.7984, -22.9629 )

[node name="wall14" parent="main_scene/floors/ground-level/wall/interior/dining_hall" instance=ExtResource( 2 )]
transform = Transform( 0.985232, 0, 0.171224, 0, 1, 0, -0.171224, 0, 0.985232, 89.4494, 6.79839, -23.4407 )

[node name="wall41" parent="main_scene/floors/ground-level/wall/interior/dining_hall" instance=ExtResource( 2 )]
transform = Transform( 0.985232, 0, 0.171224, 0, 1, 0, -0.171224, 0, 0.985232, 89.4494, 10.7984, -23.4407 )

[node name="wall15" parent="main_scene/floors/ground-level/wall/interior/dining_hall" instance=ExtResource( 2 )]
transform = Transform( 0.8664, 0, 0.49935, 0, 1, 0, -0.49935, 0, 0.8664, 91.4203, 6.79839, -24.1574 )

[node name="wall42" parent="main_scene/floors/ground-level/wall/interior/dining_hall" instance=ExtResource( 2 )]
transform = Transform( 0.8664, 0, 0.49935, 0, 1, 0, -0.49935, 0, 0.8664, 91.4203, 10.7984, -24.1574 )

[node name="wall16" parent="main_scene/floors/ground-level/wall/interior/dining_hall" instance=ExtResource( 2 )]
transform = Transform( 0.594402, 0, 0.804168, 0, 1, 0, -0.804168, 0, 0.594402, 92.9731, 6.79839, -25.5908 )

[node name="wall43" parent="main_scene/floors/ground-level/wall/interior/dining_hall" instance=ExtResource( 2 )]
transform = Transform( 0.594402, 0, 0.804168, 0, 1, 0, -0.804168, 0, 0.594402, 92.9731, 10.7984, -25.5908 )

[node name="wall17" parent="main_scene/floors/ground-level/wall/interior/dining_hall" instance=ExtResource( 2 )]
transform = Transform( 0.173012, 0, 0.98492, 0, 1, 0, -0.98492, 0, 0.173012, 93.8093, 6.79839, -27.3228 )

[node name="wall44" parent="main_scene/floors/ground-level/wall/interior/dining_hall" instance=ExtResource( 2 )]
transform = Transform( 0.173012, 0, 0.98492, 0, 1, 0, -0.98492, 0, 0.173012, 93.8093, 10.7984, -27.3228 )

[node name="wall18" parent="main_scene/floors/ground-level/wall/interior/dining_hall" instance=ExtResource( 2 )]
transform = Transform( 0.987072, 0, 0.160277, 0, 1, 0, -0.160277, 0, 0.987072, 98.9456, 6.79839, -32.5785 )

[node name="wall45" parent="main_scene/floors/ground-level/wall/interior/dining_hall" instance=ExtResource( 2 )]
transform = Transform( 0.987072, 0, 0.160277, 0, 1, 0, -0.160277, 0, 0.987072, 98.9456, 10.7984, -32.5785 )

[node name="wall19" parent="main_scene/floors/ground-level/wall/interior/dining_hall" instance=ExtResource( 2 )]
transform = Transform( 0.643576, 0, 0.765382, 0, 1, 0, -0.765382, 0, 0.643576, 99.6026, 6.79839, -32.9369 )

[node name="wall46" parent="main_scene/floors/ground-level/wall/interior/dining_hall" instance=ExtResource( 2 )]
transform = Transform( 0.643576, 0, 0.765382, 0, 1, 0, -0.765382, 0, 0.643576, 99.6026, 10.7984, -32.9369 )

[node name="wall20" parent="main_scene/floors/ground-level/wall/interior/dining_hall" instance=ExtResource( 2 )]
transform = Transform( 0.0892072, 0, 0.996013, 0, 1, 0, -0.996013, 0, 0.0892072, 100.14, 6.79839, -34.0716 )

[node name="wall47" parent="main_scene/floors/ground-level/wall/interior/dining_hall" instance=ExtResource( 2 )]
transform = Transform( 0.0892072, 0, 0.996013, 0, 1, 0, -0.996013, 0, 0.0892072, 100.14, 10.7984, -34.0716 )

[node name="wall21" parent="main_scene/floors/ground-level/wall/interior/dining_hall" instance=ExtResource( 2 )]
transform = Transform( -0.495716, 0, 0.868484, 0, 1, 0, -0.868484, 0, -0.495716, 99.9311, 6.79839, -34.8379 )

[node name="wall48" parent="main_scene/floors/ground-level/wall/interior/dining_hall" instance=ExtResource( 2 )]
transform = Transform( -0.495716, 0, 0.868484, 0, 1, 0, -0.868484, 0, -0.495716, 99.9311, 10.7984, -34.8379 )

[node name="wall22" parent="main_scene/floors/ground-level/wall/interior/dining_hall" instance=ExtResource( 2 )]
transform = Transform( -0.172496, 0, 0.98501, 0, 1, 0, -0.98501, 0, -0.172496, 98.1199, 6.79839, -39.575 )

[node name="wall49" parent="main_scene/floors/ground-level/wall/interior/dining_hall" instance=ExtResource( 2 )]
transform = Transform( -0.172496, 0, 0.98501, 0, 1, 0, -0.98501, 0, -0.172496, 98.1199, 10.7984, -39.575 )

[node name="wall52" parent="main_scene/floors/ground-level/wall/interior/dining_hall" instance=ExtResource( 2 )]
transform = Transform( -0.452699, 0, 0.891663, 0, 1, 0, -0.891663, 0, -0.452699, 97.327, 10.7984, -41.8859 )

[node name="wall25" parent="main_scene/floors/ground-level/wall/interior/dining_hall" instance=ExtResource( 2 )]
transform = Transform( -0.401676, 0, 0.915782, 0, 1, 0, -0.915782, 0, -0.401676, 95.5405, 6.79839, -45.6668 )

[node name="wall50" parent="main_scene/floors/ground-level/wall/interior/dining_hall" instance=ExtResource( 2 )]
transform = Transform( -0.401676, 0, 0.915782, 0, 1, 0, -0.915782, 0, -0.401676, 95.5405, 10.7984, -45.6668 )

[node name="wall26" parent="main_scene/floors/ground-level/wall/interior/dining_hall" instance=ExtResource( 2 )]
transform = Transform( -0.913225, 0, 0.407454, 0, 1, 0, -0.407454, 0, -0.913225, 95.2112, 6.79839, -46.051 )

[node name="wall51" parent="main_scene/floors/ground-level/wall/interior/dining_hall" instance=ExtResource( 2 )]
transform = Transform( -0.913225, 0, 0.407454, 0, 1, 0, -0.407454, 0, -0.913225, 95.2112, 10.7984, -46.051 )

[node name="wall70" parent="main_scene/floors/ground-level/wall/interior/dining_hall" instance=ExtResource( 2 )]
transform = Transform( -0.759657, 0, 0.650323, 0, 1, 0, -0.650323, 0, -0.759657, 91.3051, 10.7984, -48.565 )

[node name="wall71" parent="main_scene/floors/ground-level/wall/interior/dining_hall" instance=ExtResource( 2 )]
transform = Transform( -0.878616, 0, 0.477527, 0, 1, 0, -0.477527, 0, -0.878616, 88.7209, 10.7513, -50.3555 )

[node name="wall27" parent="main_scene/floors/ground-level/wall/interior/dining_hall" instance=ExtResource( 2 )]
transform = Transform( -0.267036, 0, 0.963686, 0, 1, 0, -0.963686, 0, -0.267036, 78.5945, 6.79839, -67.4859 )

[node name="wall74" parent="main_scene/floors/ground-level/wall/interior/dining_hall" instance=ExtResource( 2 )]
transform = Transform( -0.157158, 0, 0.987573, 0, 1, 0, -0.987573, 0, -0.157158, 76.775, 6.79839, -75.3667 )

[node name="wall66" parent="main_scene/floors/ground-level/wall/interior/dining_hall" instance=ExtResource( 2 )]
transform = Transform( -0.198974, 0, 0.980004, 0, 1, 0, -0.980004, 0, -0.198974, 78.4388, 10.7984, -67.5997 )

[node name="wall75" parent="main_scene/floors/ground-level/wall/interior/dining_hall" instance=ExtResource( 2 )]
transform = Transform( -0.252913, 0, 0.967488, 0, 1, 0, -0.967488, 0, -0.252913, 77.6112, 10.7984, -71.2186 )

[node name="wall76" parent="main_scene/floors/ground-level/wall/interior/dining_hall" instance=ExtResource( 2 )]
transform = Transform( -0.252913, 0, 0.967488, 0, 1, 0, -0.967488, 0, -0.252913, 76.6324, 10.7984, -74.9365 )

[node name="wall72" parent="main_scene/floors/ground-level/wall/interior/dining_hall" instance=ExtResource( 2 )]
transform = Transform( -0.239939, 0, 0.970787, 0, 1, 0, -0.970787, 0, -0.239939, 79.2718, 10.7984, -64.1858 )

[node name="wall57" parent="main_scene/floors/ground-level/wall/interior/dining_hall" instance=ExtResource( 2 )]
transform = Transform( -0.267036, 0, 0.963686, 0, 1, 0, -0.963686, 0, -0.267036, 82.7492, 6.79839, -68.4965 )

[node name="wall59" parent="main_scene/floors/ground-level/wall/interior/dining_hall" instance=ExtResource( 2 )]
transform = Transform( -0.267036, 0, 0.963686, 0, 1, 0, -0.963686, 0, -0.267036, 83.4461, 6.79839, -66.0571 )

[node name="wall60" parent="main_scene/floors/ground-level/wall/interior/dining_hall" instance=ExtResource( 2 )]
transform = Transform( -0.267036, 0, 0.963686, 0, 1, 0, -0.963686, 0, -0.267036, 84.468, 6.79839, -62.3831 )

[node name="wall61" parent="main_scene/floors/ground-level/wall/interior/dining_hall" instance=ExtResource( 2 )]
transform = Transform( -0.267036, 0, 0.963686, 0, 1, 0, -0.963686, 0, -0.267036, 85.5655, 6.79839, -58.5623 )

[node name="wall62" parent="main_scene/floors/ground-level/wall/interior/dining_hall" instance=ExtResource( 2 )]
transform = Transform( 0.00305473, 0, 0.999995, 0, 1, 0, -0.999995, 0, 0.00305473, 71.3079, 10.7984, -60.6979 )

[node name="wall73" parent="main_scene/floors/ground-level/wall/interior/dining_hall" instance=ExtResource( 2 )]
transform = Transform( -0.361201, 0, 0.932487, 0, 1, 0, -0.932487, 0, -0.361201, 81.3018, 10.7984, -57.1861 )

[node name="wall64" parent="main_scene/floors/ground-level/wall/interior/dining_hall" instance=ExtResource( 2 )]
transform = Transform( 0.00305473, 0, 0.999995, 0, 1, 0, -0.999995, 0, 0.00305473, 71.3079, 10.7495, -56.9089 )

[node name="wall65" parent="main_scene/floors/ground-level/wall/interior/dining_hall" instance=ExtResource( 2 )]
transform = Transform( 0.986314, 0, 0.164875, 0, 1, 0, -0.164875, 0, 0.986314, 72.7636, 10.7495, -59.1684 )

[node name="wall67" parent="main_scene/floors/ground-level/wall/interior/dining_hall" instance=ExtResource( 2 )]
transform = Transform( 0.998842, 0, 0.0480997, 0, 1, 0, -0.0480997, 0, 0.998842, 69.2891, 10.7495, -58.8388 )

[node name="wall69" parent="main_scene/floors/ground-level/wall/interior/dining_hall" instance=ExtResource( 2 )]
transform = Transform( 0.464471, 0, 0.885588, 0, 1, 0, -0.885588, 0, 0.464471, 59.1332, 10.7495, -53.9096 )

[node name="wall68" parent="main_scene/floors/ground-level/wall/interior/dining_hall" instance=ExtResource( 2 )]
transform = Transform( 0.998842, 0, 0.0480997, 0, 1, 0, -0.0480997, 0, 0.998842, 68.9453, 10.7495, -58.8388 )

[node name="wall58" parent="main_scene/floors/ground-level/wall/interior/dining_hall" instance=ExtResource( 2 )]
transform = Transform( -0.267036, 0, 0.963686, 0, 1, 0, -0.963686, 0, -0.267036, 81.7165, 6.79839, -72.18 )

[node name="wall55" parent="main_scene/floors/ground-level/wall/interior/dining_hall" instance=ExtResource( 2 )]
transform = Transform( -0.991763, 0, -0.128085, 0, 1, 0, 0.128085, 0, -0.991763, 83.2041, 6.79839, -71.369 )

[node name="wall56" parent="main_scene/floors/ground-level/wall/interior/dining_hall" instance=ExtResource( 2 )]
transform = Transform( -0.991763, 0, -0.128085, 0, 1, 0, 0.128085, 0, -0.991763, 86.896, 6.79839, -71.8311 )

[node name="wall4" parent="main_scene/floors/ground-level/wall/interior/dining_hall" instance=ExtResource( 2 )]
transform = Transform( 0.958735, 0, 0.2843, 0, 1, 0, -0.2843, 0, 0.958735, 56.5906, 6.79839, -28.7661 )

[node name="wall28" parent="main_scene/floors/ground-level/wall/interior/dining_hall" instance=ExtResource( 2 )]
transform = Transform( 0.958735, 0, 0.2843, 0, 1, 0, -0.2843, 0, 0.958735, 56.5906, 10.7984, -28.7661 )

[node name="wall5" parent="main_scene/floors/ground-level/wall/interior/dining_hall" instance=ExtResource( 2 )]
transform = Transform( 0.998424, 0, 0.0561178, 0, 1, 0, -0.0561178, 0, 0.998424, 61.1989, 6.79839, -29.5853 )

[node name="wall29" parent="main_scene/floors/ground-level/wall/interior/dining_hall" instance=ExtResource( 2 )]
transform = Transform( 0.998424, 0, 0.0561178, 0, 1, 0, -0.0561178, 0, 0.998424, 61.1989, 10.7984, -29.5853 )

[node name="wall6" parent="main_scene/floors/ground-level/wall/interior/dining_hall" instance=ExtResource( 2 )]
transform = Transform( 0.815077, 0, 0.579352, 0, 1, 0, -0.579352, 0, 0.815077, 62.3254, 6.79839, -29.9438 )

[node name="wall30" parent="main_scene/floors/ground-level/wall/interior/dining_hall" instance=ExtResource( 2 )]
transform = Transform( 0.815077, 0, 0.579352, 0, 1, 0, -0.579352, 0, 0.815077, 62.3254, 10.7984, -29.9438 )

[node name="wall7" parent="main_scene/floors/ground-level/wall/interior/dining_hall" instance=ExtResource( 2 )]
transform = Transform( 0.745278, 0, 0.666753, 0, 1, 0, -0.666753, 0, 0.745278, 64.7407, 6.79839, -32.2719 )

[node name="wall77" parent="main_scene/floors/ground-level/wall/interior/dining_hall" instance=ExtResource( 2 )]
transform = Transform( 0.751414, 0, 0.659831, 0, 1, 0, -0.659831, 0, 0.751414, 65.2728, 6.79839, -32.5784 )

[node name="wall31" parent="main_scene/floors/ground-level/wall/interior/dining_hall" instance=ExtResource( 2 )]
transform = Transform( 0.751414, 0, 0.659831, 0, 1, 0, -0.659831, 0, 0.751414, 64.8856, 10.7984, -32.0943 )

[node name="wall63" parent="main_scene/floors/ground-level/wall/interior/dining_hall" instance=ExtResource( 2 )]
transform = Transform( 0.751414, 0, 0.659831, 0, 1, 0, -0.659831, 0, 0.751414, 65.5292, 10.7984, -32.6724 )

[node name="wall23" parent="main_scene/floors/ground-level/wall/interior/dining_hall" instance=ExtResource( 2 )]
transform = Transform( -0.674328, 0, 0.738432, 0, 1, 0, -0.738432, 0, -0.674328, 65.2919, 6.79839, -29.1692 )

[node name="wall53" parent="main_scene/floors/ground-level/wall/interior/dining_hall" instance=ExtResource( 2 )]
transform = Transform( -0.674328, 0, 0.738432, 0, 1, 0, -0.738432, 0, -0.674328, 65.2919, 10.7984, -29.1692 )

[node name="wall24" parent="main_scene/floors/ground-level/wall/interior/dining_hall" instance=ExtResource( 2 )]
transform = Transform( -0.674328, 0, 0.738432, 0, 1, 0, -0.738432, 0, -0.674328, 62.6917, 6.79839, -32.0943 )

[node name="wall54" parent="main_scene/floors/ground-level/wall/interior/dining_hall" instance=ExtResource( 2 )]
transform = Transform( -0.674328, 0, 0.738432, 0, 1, 0, -0.738432, 0, -0.674328, 62.6917, 10.7984, -32.0943 )

[node name="t_wall_one side sloped" parent="main_scene/floors/ground-level/wall/interior/dining_hall" instance=ExtResource( 1 )]
transform = Transform( 0.388159, 0, -0.921592, 0, 1, 0, 0.921592, 0, 0.388159, 86.979, 6.7738, -63.8251 )

[node name="t_wall_one side sloped2" parent="main_scene/floors/ground-level/wall/interior/dining_hall" instance=ExtResource( 1 )]
transform = Transform( 0.0609613, 0, 0.99814, 0, 1, 0, -0.99814, 0, 0.0609613, 71.1875, 6.7738, -52.7283 )

[node name="wall_closed_wooden-window" parent="main_scene/floors/ground-level/wall/interior/dining_hall" instance=ExtResource( 6 )]
transform = Transform( 0.830314, 0, -0.557296, 0, 1, 0, 0.557296, 0, 0.830314, 82.7647, 6.79397, -58.4006 )

[node name="wall_closed_wooden-window6" parent="main_scene/floors/ground-level/wall/interior/dining_hall" instance=ExtResource( 6 )]
transform = Transform( 0.830314, 0, -0.557296, 0, 1, 0, 0.557296, 0, 0.830314, 82.8083, 10.794, -58.5043 )

[node name="wall_closed_wooden-window4" parent="main_scene/floors/ground-level/wall/interior/dining_hall" instance=ExtResource( 6 )]
transform = Transform( 0.327185, 0, -0.94496, 0, 1, 0, 0.94496, 0, 0.327185, 60.5772, 6.79397, -46.343 )

[node name="wall_closed_wooden-window5" parent="main_scene/floors/ground-level/wall/interior/dining_hall" instance=ExtResource( 6 )]
